spawns:
  default:
    world: 70240627-5191-432b-8c30-cd3214eb0f4f
    world-name: spawn
    x: -633.13
    y: -22.0
    z: 567.69999
    yaw: -177.984619140625
    pitch: 43.52191162109375
