world: 6601f3a3-8fac-4f44-b654-c69f4daf391c
world-name: world
x: 80.47241
y: 63.5
z: 357.08188
yaw: 0.4645233154296875
pitch: 31.025039672851562
name: survival
lastowner: 00000000-0000-0000-0009-01fe1b9f80b6
